0 9 57 150
1 2 78 105
2 48 89 155
3 0 76 115
4 16 72 143
5 52 5 71
6 66 20 95
7 68 80 149
8 12 75 87
9 49 37 59
10 82 98 129
11 28 1 63
12 55 1 52
13 73 53 80
14 12 70 169
15 35 74 130
16 1 40 117
17 28 60 69
18 49 25 109
19 61 74 147
20 35 9 81
21 19 37 62
22 81 92 118
23 32 17 96
24 11 29 30
25 62 16 91
26 19 17 85
27 48 97 125
28 9 46 51
29 45 8 40
30 18 43 84
31 42 62 140
32 19 95 117
33 97 79 118
34 29 90 110
35 30 5 41
36 6 24 29
37 74 24 26
38 54 33 81
39 60 30 38
40 92 0 4
41 33 43 61
42 63 14 28
43 37 12 105
44 28 41 77
45 48 71 112
46 36 77 94
47 41 3 96
48 43 58 136
49 43 70 78
50 4 62 70
51 8 47 50
52 26 62 80
53 92 99 129
54 38 27 98
55 26 27 121
56 19 15 87
57 88 56 131
58 33 51 136
59 11 46 101
60 71 50 67
61 31 58 74
62 35 37 115
63 5 81 110
64 87 71 79
65 10 97 132
66 4 68 118
67 28 56 114
68 56 89 98
69 41 52 60
70 97 23 81
71 66 55 124
72 35 42 100
73 13 99 138
74 43 86 149
75 3 96 156
76 39 52 81
77 41 81 118
78 0 37 64
79 61 78 109
80 21 27 82
81 80 46 108
82 1 81 137
83 59 46 101
84 50 41 134
85 13 45 134
86 74 36 77
87 55 77 151
88 44 29 40
89 71 43 85
90 55 64 85
91 10 96 163
92 24 97 97
93 80 56 103
94 35 7 95
95 28 72 157
96 69 46 67
97 62 53 104
98 37 98 178
99 0 21 96
