6471
423
6040
1794
3840
3897
296
66
7656
2393
5659
4063
6635
4573
6639
9735
104
9884
5618
6036
6088
337
7263
2668
4622
5225
1101
8302
9815
2894
1042
6286
9669
7083
4432
3509
7332
4728
9928
1340
3474
5587
5404
6461
6512
8395
2548
6616
8280
4519
9005
720
4856
6268
3388
5830
7845
4490
4132
7660
3736
5175
298
9757
8610
1082
9619
2294
5811
9547
3634
5637
5134
5390
2098
1646
3786
4647
4614
8418
9166
3619
9138
374
9887
8878
6205
7733
9720
6689
1745
3456
8216
8396
9566
6826
9478
9185
9120
1641
8732
9107
7278
218
4497
5729
1864
4635
376
2830
9405
5894
6450
8543
6268
2689
3774
8825
6774
3494
5515
4872
3303
3731
3268
2869
6910
9098
2054
2382
7092
7138
1489
722
7356
5987
6451
5572
622
3179
8402
6380
9073
4852
4923
1694
7542
5049
519
668
8544
2386
5540
8199
2470
8808
1068
9380
4259
9474
1762
1351
6612
3252
8425
320
5591
4877
5892
2565
8056
4294
8945
3482
5499
221
5176
9393
5270
2047
61
166
4434
5602
8365
3256
762
5785
2636
1373
1611
750
2724
4575
354
1150
4895
2297
2379
787
4863
6787
1434
3808
269
6933
381
1797
6326
5652
3845
2739
2170
4631
8341
536
4239
5456
2673
6875
6829
4285
3977
9554
5212
684
7056
6460
2981
5787
3599
7844
2574
5033
8005
9196
8318
8386
993
996
390
1190
3736
2561
2173
2077
3097
6412
7533
2122
9639
4363
2759
3617
269
7972
653
3677
784
3634
5816
4383
7831
8390
9417
5836
3938
7735
574
4932
8732
965
2474
2468
3526
4648
897
2975
1060
4783
5097
7052
5498
4209
7021
5767
8533
7674
5796
9317
1308
1612
3700
9139
6354
9469
1327
293
7205
1902
5225
2289
2867
4051
1109
2745
8699
8358
5720
6112
3141
7169
3164
8639
7730
185
758
6263
4211
6554
5580
5519
4518
5633
1011
873
5102
8690
1166
8659
592
2743
7300
9811
6794
8409
8908
1846
3120
4628
7958
2613
8150
7474
7605
5880
4011
8363
8496
8222
1270
428
93
5788
6061
7456
3013
7516
6147
4179
6175
3091
6922
3476
9255
3717
8237
8163
5563
1357
9144
9873
323
3646
3699
7928
5878
7710
2643
4374
2284
3913
1155
8729
6054
7216
2538
9067
4732
8685
9599
7260
8128
6521
736
7383
6590
5325
1899
8505
3035
1043
4730
3358
4689
8429
1286
567
2491
281
1294
1127
4195
2449
9857
6601
6017
2395
2020
750
7432
1619
8010
5560
4493
5098
9296
7435
423
1195
2293
3458
8590
7023
3168
3279
5453
806
198
4296
1088
1492
5424
1635
3941
1633
8236
9959
4028
6608
7061
7812
4580
1423
9724
9073
6521
5372
2860
3296
6567
5153
3107
5157
2177
6275
4788
3982
7082
4987
8278
8170
2831
54
6157
6773
1687
4393
3084
2067
7353
6497
6231
1933
7920
5956
7358
793
7680
219
441
4248
5372
3548
5757
7549
6176
6898
7883
9610
8237
2514
4132
1068
2568
289
4193
608
1034
3629
9027
8387
126
5259
321
4398
7567
7679
5191
5247
7898
5633
5847
3271
5533
7957
7172
1709
1207
1408
7671
9444
3922
1803
512
2842
2092
4706
9802
3126
8335
5182
1514
4814
6793
1835
9212
4360
5866
756
5959
3765
2741
8159
3388
8274
2468
6912
6336
3675
8320
4007
3119
8594
5811
3631
1437
4255
4689
7591
7382
9377
2773
5248
4191
9566
3435
9755
278
9301
511
2590
3066
3252
749
2806
7879
3217
9719
4215
6892
4391
4574
6363
2986
6737
9994
775
993
1036
4718
4727
6765
7492
9975
7308
7058
9762
7063
3689
9063
7575
6279
8482
7179
3380
1288
5058
6597
7359
5625
9841
1751
6552
6204
1089
3289
2550
8216
634
9938
2934
1713
6703
6778
8040
4011
189
7802
7427
3878
6866
1354
157
1700
8533
3537
2988
9944
6486
6700
5569
2679
4803
2121
5235
2244
1763
4137
460
2397
4076
9746
4111
7131
6525
8503
7495
6714
6306
4922
592
9524
6276
7101
1224
1161
6990
4212
1105
9828
7264
3027
2507
2067
5148
4094
4311
3263
8231
1123
2013
8659
870
2476
2143
7395
979
5990
4109
7285
912
1053
6809
3540
8154
8033
4701
1496
8598
5807
1324
5862
8834
183
4282
334
4277
4945
9950
8860
6069
1963
3872
3291
4439
2367
686
5418
8357
1147
2704
5621
8552
5865
9161
6706
3899
3862
4554
8849
6021
5878
4711
1207
2413
5345
7894
3042
291
7844
1902
2712
9807
2126
6003
4246
845
3041
9664
9202
4188
8720
4823
2740
4586
336
5798
4837
4199
6704
3686
6572
2582
4749
7780
1347
95
5674
4389
386
3518
2643
9450
3325
4770
5453
3923
1967
8494
3587
7522
9034
8660
2345
8126
3246
2682
276
4435
3233
6980
8121
9805
5914
2870
3937
7261
9317
5963
1650
6055
9481
4293
5505
9158
5415
958
3081
7383
5804
3021
4905
4838
8033
3602
2964
7631
2636
3240
2066
2221
6572
6539
8379
2486
5761
2316
9747
5079
8280
7749
1134
4113
2043
2992
9624
3810
3950
9057
7545
9755
2078
2450
945
6463
2405
262
4094
1393
9854
6160
3615
6427
9051
1994
8913
4813
662
5013
9892
5294
2762
7378
5760
1157
370
5384
1320
4321
4441
8865
428
2872
7668
7725
9335
73
7987
3430
1466
7842
5942
1433
4269
4994
9779
9534
9807
6794
899
6051
2088
14
3429
7848
7523
3800
3232
8843
4473
7674
7709
1253
6898
5377
8978
6233
1802
3318
9663
3268
1160
1958
1054
1781
3304
833
7667
3111
7627
4919
5514
6068
4933
8943
268
2456
9095
3501
7652
9920
7527
5361
1173
4425
738
6504
7010
8892
9822
3026
2160
982
4984
9566
9115
8288
6752
3134
7751
4379
8053
9617
6799
2986
8560
7068
1795
4008
6921
9447
3928
800
1160
5102
1577
8250
1606
8587
7142
1428
1613
5654
8762
2949
5221
4229
7589
1973
7363
5340
2704
5417
4957
5856
4755
9870
9276
2902
3878
6197
8701
4158
3349
9861
9260
4926
4463
7218
9865
1605
4998
7831
7260
112
780
8833
4341
4722
7158
8057
62
6214
9826
1372
2070
4581
7594
1346
3836
7824
3895
2537
1982
7244
8751
7595
8522
3214
4813
4740
1172
6164
2571
8432
6276
9703
3617
6970
4425
7127
5027
840
3341
4853
8564
1764
5786
6158
9462
9622
3982
3358
8512
2316
6954
3615
9911
1829
6829
1077
6569
8001
7241
9140
2785
3517
5195
2754
6839
9621
9881
1866
461
9575
3071
9025
1339
8858
1535
801
4832
1869
511
9696
4185
3818
3311
449
5647
6493
1526
2216
846
5119
7708
9984
8636
2903
2738
1828
8876
8972
3694
5689
8547
6766
4714
9886
1976
2601
7039
6808
4470
3903
2857
5008
7721
6168
5457
3368
9013
3335
1936
9860
8454
5996
6196
3442
5251
5286
5270
4128
4258
5317
6169
2805
2083
7236
9043
4059
9837
6083
7219
660
6338
76
5668
4059
2597
7477
3779
1610
812
2067
7822
5618
8063
4018
9060
9666
9305
683
146
9915
6000
6316
2721
4435
3552
8116
8494
9741
551
2065
401
6889
2142
2421
948
4739
9898
1079
2701
7062
3146
6876
2680
7561
7246
8093
7228
2903
5128
3726
2819
1128
42
1892
5563
9946
8
409
9688
560
2474
6441
7449
4616
8863
4750
5707
8761
5829
4761
2176
5328
1637
1208
2889
8883
9301
6469
8139
4429
6548
958
1909
2942
2850
3824
2889
9210
4233
8929
9770
6708
1722
3572
7676
585
4674
9736
5699
503
4497
7875
2183
2486
9083
1425
7721
4737
7894
5860
5518
4442
6818
7428
3737
6020
1252
6626
5231
1838
1907
1353
8546
3629
4925
2574
567
9599
8662
6266
6455
3159
493
4990
1997
5928
6415
9719
7017
662
1931
2536
1456
8750
6316
5193
1122
3920
1819
6353
5758
78
7707
656
60
8984
9583
627
4936
8245
3245
7743
7757
3738
2733
9754
6018
9149
5825
3036
9811
7757
1924
1267
6507
8240
2813
3981
2160
984
335
4271
1063
4394
1279
1123
9730
862
1750
4666
9108
1347
8761
6865
5085
1495
2971
7455
6996
8797
491
3159
6554
2415
778
9413
7007
3591
3394
5520
4576
81
6143
5639
4475
7422
3114
558
8285
1216
1576
3745
2563
338
610
4000
8185
3581
1455
5181
2378
8299
8340
5284
7066
5470
4697
4074
9062
8092
5946
3638
4525
2089
5629
5353
9511
5095
5911
4148
2663
7487
7893
5226
7825
8503
5578
6010
8437
7033
7543
7167
5332
2235
2452
8751
7706
3501
2825
3120
7945
5123
3110
2471
7212
8739
7824
3075
186
3735
7224
2849
7574
5117
4427
5400
9973
5
7762
4762
7038
1658
1929
8723
3893
733
7474
7951
4235
6651
1071
2180
1774
4181
4651
5338
9272
8827
8413
5810
2562
5637
8659
137
7107
3086
1889
7080
3091
6003
1842
6482
4013
123
1557
7907
857
9031
2210
1444
2034
9634
3624
3808
3815
4628
9146
9440
3455
3911
5250
2370
5901
262
8859
3008
3348
7100
6440
2792
3103
8282
5626
3469
4757
7183
1376
5614
6214
9938
7058
8248
9572
7035
8408
9740
8015
3906
5532
1470
7817
782
192
70
7396
9051
3078
745
2503
9518
9889
1959
4152
5515
5428
8910
2698
3156
876
5264
3094
7935
9864
9019
1322
4624
8759
9337
8530
4291
7159
2699
1425
7352
2770
8822
2755
2200
5919
5259
8071
2160
3570
2223
7675
8998
1133
6725
2154
8362
8341
1600
6297
8205
619
3971
9181
5730
3308
4063
6373
467
6762
7799
4171
5884
2973
3279
4437
8892
4890
2508
1052
8460
4731
5079
7458
2217
8156
5964
579
6497
3916
3228
1054
888
7199
235
6618
6859
4298
9344
3678
7412
3495
4202
9649
6468
7481
4086
5360
2371
6594
2764
831
7677
4195
4641
9894
2351
6957
6825
8848
873
53
6254
1761
3604
6489
4732
6815
7139
4076
494
903
7571
1048
552
391
8529
4638
2103
900
7584
4867
1731
5262
9062
2724
1508
7765
9681
8334
2965
554
4739
9219
8668
4696
2060
9752
7863
9199
180
8357
6454
4103
9405
7007
4494
4286
7997
6597
5186
5582
7816
3269
844
3230
5993
8704
995
2026
7038
3960
8933
8130
9531
7601
2826
1591
7353
689
7142
3885
5399
3596
7988
1156
603
2482
5443
8601
9079
6981
535
3247
251
7731
6477
2596
6435
3824
4623
9826
7784
3556
7956
7315
7509
7134
5258
1214
7823
2400
5099
9574
2348
3087
7083
2952
1921
8878
7905
7352
5859
4792
599
2462
2523
7076
1411
8958
900
2386
8784
5036
2294
3092
8703
9803
226
3961
7369
4402
2713
2468
328
5061
1907
7411
8013
3828
2641
2270
1180
4853
3414
8131
3667
5937
5207
5078
1248
2459
3816
6384
3847
6110
9477
2550
2265
6055
2863
9634
457
5576
8454
786
637
6713
4549
5003
6893
7191
3625
4425
2044
7040
2556
5711
2977
4115
7142
4225
2926
958
6962
6773
3421
6439
5675
5686
2494
8538
1673
9304
4114
6479
6442
4752
9545
991
9755
6438
4534
3380
7216
2930
420
9772
4994
9750
240
8488
327
3166
9446
7289
6292
9219
80
1967
1258
8927
506
9283
4583
972
2114
1025
5724
1659
8368
1831
4450
2903
1564
1666
2185
8336
7790
7179
8086
8030
2019
4766
7549
1466
2055
193
7037
8488
8512
8295
7415
5370
3930
1998
6343
6045
9375
8419
7704
7743
251
2154
6998
8167
172
9184
6503
7963
2715
942
2345
4735
5708
6246
2553
7763
6439
5942
2603
4952
4238
18
6674
8168
8368
3017
565
7743
1437
8270
5487
8040
6776
8837
6207
6949
8021
9062
4912
7089
4
7257
8176
5712
9856
729
9828
6295
3023
2431
7599
7261
8802
4274
1782
7170
3643
2347
1266
1432
6969
3105
5824
3746
1942
8383
695
6316
7446
1959
9757
7450
5568
7933
9515
5424
5014
9343
8072
8037
1774
5671
1651
6928
6297
9785
4099
9941
8484
1717
7725
5454
4822
3550
5552
3116
1933
2599
9432
5731
4558
9189
9534
6478
3474
9049
8255
8488
8392
6327
6526
6518
1998
4529
9799
4648
4314
250
941
2798
1967
8666
4604
6789
8568
156
9905
6854
2755
5690
2585
3665
1231
2119
6496
4706
1168
4751
9546
5912
1078
2424
8783
9428
6953
8582
428
1267
8832
1369
418
7151
6388
5022
3940
4956
5179
197
1810
4286
2239
748
4304
3471
2867
7152
8177
388
1903
7723
2652
9333
148
7787
5113
3453
2721
5542
4721
7905
6911
1491
5056
9651
6513
5348
4608
8044
1898
2770
8683
4137
3518
9339
7608
6386
6491
2137
3126
4746
6213
5778
4079
2713
3566
9192
6166
2639
1086
7239
545
7998
8730
5601
7649
1596
7302
8609
9640
9200
1380
8323
3337
1250
4014
7298
3988
505
5787
7114
1603
8352
9245
5682
1065
9163
1227
3584
1802
8665
7175
2347
6663
2258
4301
665
3854
1603
5626
9846
803
3358
4522
492
4609
8536
4142
8597
5394
9930
2064
6997
4634
1309
9032
2052
6824
6611
5636
8626
5276
9163
7326
8292
1421
1627
8957
1627
9582
935
7826
6737
4294
2348
3581
5255
7236
7724
204
2630
4006
2268
9628
8640
9929
8660
692
6753
5271
2680
5380
6899
1844
2706
5191
9617
685
4148
7597
6619
1436
5423
3356
2082
4123
6937
7337
1359
1013
7541
3990
5019
9810
9970
3660
9739
4982
704
6493
6605
3385
8225
3504
1581
7283
8696
1198
4320
9196
8795
939
632
570
647
2714
4693
3936
51
6053
4950
3945
6395
9969
3755
6365
9981
9846
1347
686
2691
4304
423
916
7808
2004
4551
6504
3202
8871
5701
8350
6162
2685
5272
6809
1752
9966
746
1803
2371
2048
5748
5118
8369
5855
1483
8351
2054
9182
5389
4745
9838
5812
2014
7646
4168
2917
4151
7370
1789
6204
2072
4303
5241
3697
7465
6993
15
4563
5149
2386
6611
7249
3856
4980
3105
1691
9683
1511
7225
1424
6256
7063
7236
4622
4709
1404
7540
5212
5127
5681
7768
3551
6336
3010
7248
3801
6355
7263
4716
1504
6001
1327
8754
6209
2660
8211
7900
8695
9722
5125
120
2330
2188
7356
3305
3250
5113
7197
8462
6592
2878
2583
6495
5566
5593
3744
9368
1948
7359
4084
9805
9713
1764
8559
5922
776
6770
175
9471
2844
5300
9591
5174
3841
3300
4831
7091
4765
2028
5553
1357
4906
4488
7852
473
81
7948
6193
8382
1660
6629
8187
7725
4745
3098
9999
5521
6220
174
4993
9064
5475
4584
590
9316
7884
5422
6407
2649
7450
8312
358
8709
2801
4563
5534
9234
8863
8079
3968
6875
4708
8507
4600
9454
1605
4600
4975
7825
4774
6320
3241
6601
905
3832
2269
5141
9254
5028
4143
3056
3341
4501
1765
2494
5416
7299
8080
4280
5378
2049
1155
6439
556
2108
2245
8514
6708
3572
2691
7834
9893
5933
788
7150
9765
3057
2291
5371
4438
6434
8427
4131
7288
193
6625
9056
3844
1057
9688
5575
3106
844
8366
15
9304
611
4881
2364
4183
7572
198
4076
3505
7338
1226
9622
6748
9870
4993
1186
2656
9773
5317
6296
6318
8294
5353
6514
9351
5041
2089
8810
2237
455
5177
1541
1066
58
3905
1602
3982
456
5678
3840
7794
3257
3462
4542
3127
4808
2080
2135
4581
7397
8432
899
5691
3785
3765
5043
5178
5855
3853
7416
2662
9030
5309
81
5440
9215
1683
9422
9671
3713
3262
3817
3322
3077
4712
2801
7885
6792
4937
8818
4190
3369
6069
6233
3506
9834
1276
8684
5689
1481
2452
4704
6863
7762
4785
8655
6977
2820
8078
3000
6533
7692
3169
9856
769
7881
2657
5006
1026
3946
3824
1568
7315
6245
7801
7173
6080
5430
5858
8121
6911
4662
2825
127
2424
3962
8782
5753
6782
3212
5105
3316
7257
8275
9524
4378
2508
8533
9385
9886
2480
9561
1454
6147
5807
9256
3321
1887
4686
5531
6360
7949
193
5538
4428
2618
9500
3211
4723
6283
2775
9829
5951
32
4456
1827
4411
3316
360
148
3203
2840
9709
4657
5340
5516
265
8661
3755
4951
4192
6468
9253
4385
2006
3681
3355
1506
3244
4431
4141
6020
4260
6444
2404
5068
8271
6815
4736
8632
6963
7939
7824
6673
8949
3164
8541
9214
8177
8649
518
2369
5117
9771
3107
7123
9804
2814
4981
3049
7245
9123
9069
7857
5567
7825
2925
191
4641
7662
8823
7956
1953
2999
981
7254
2516
5875
6469
693
4524
3339
3063
9641
9462
2522
3116
9266
5336
8097
2315
2582
3572
7736
439
5492
5562
9717
5683
6555
3731
858
4511
5684
209
1845
9291
2725
7720
5760
3419
2244
5451
2834
8237
4913
5356
7705
531
7044
2154
9199
9626
5727
6935
66
7571
8849
6135
3254
1756
9866
464
2620
1902
673
4465
1193
9751
2185
3305
9522
781
8756
2356
5370
21
4064
3075
553
7460
5229
9752
7087
7308
3039
3505
4879
8241
9640
4485
9997
9506
4949
2617
7760
1975
3434
8954
1726
5619
2259
1248
2752
7368
9956
8122
7389
4020
1197
4294
1480
2779
398
4919
87
3438
8424
4967
1679
4416
9452
8028
274
754
6998
8035
2729
432
3341
4455
2404
5600
5703
1508
9320
5659
9631
3062
6031
7180
7356
3863
9959
7755
5135
47
7545
9911
1366
5576
4328
7170
9956
954
4276
6954
8989
7005
3739
2330
7812
2495
4283
3515
4003
9955
5526
9986
3017
7909
7167
6726
8125
7126
833
3260
3525
4730
3171
1243
306
3851
8414
262
4806
2690
3569
3795
6048
7308
2478
3860
9803
3113
3728
158
9420
9254
145
8790
3516
7312
5516
1641
790
2701
4901
4316
7431
4424
1911
7737
8276
325
4351
3082
9368
7920
3229
5416
1580
2059
5628
1383
1524
9356
7894
945
4963
8039
9735
8479
1703
1603
120
8845
4304
1373
9513
8087
5797
1425
2176
4073
1750
6527
3507
7470
4448
6737
2886
6028
8796
8515
3764
6673
4223
8010
7618
9186
2401
3705
7665
4104
5308
4137
9301
5964
1862
8815
4051
4012
240
6227
4437
8342
9106
7945
5813
3554
1034
5051
5935
6182
9918
6051
2855
4142
4061
473
3328
6462
530
7346
6918
5838
7835
6219
8154
9698
1386
2205
3710
1626
4784
8147
9969
3891
2444
2134
3797
3478
7185
6084
9661
3456
2135
2516
3950
2548
9342
3630
5362
9872
976
8632
2063
5164
1204
217
4862
2590
8775
4924
569
3559
9423
6890
3802
1868
9024
7600
1698
2561
3684
1359
2369
2172
228
6319
1072
9570
9950
2787
5794
926
1419
7857
2442
2623
8075
7304
1566
3202
8580
2135
6761
4356
5377
564
2576
4401
4516
4274
3314
4552
1986
5684
3076
2214
2003
4149
8136
1953
6936
3930
9232
4707
8140
1674
3683
6215
5331
5249
5769
263
3736
2530
4619
9113
9446
7195
9866
3962
7822
3180
4867
9808
5216
7943
8374
7220
2092
6510
5525
5380
6792
1109
88
4932
2784
3771
7499
4467
9020
3268
1082
9108
2151
5702
4573
1597
9249
4439
1912
7071
3971
6779
3231
5540
4722
7957
9112
3167
4467
4637
8547
7612
5747
8635
2544
4883
8758
6396
5702
7778
6016
6784
3238
8167
8838
7811
6117
8088
8602
8029
1511
8926
1160
1095
4466
2234
9052
3578
5401
9872
4567
301
7484
6666
5288
6380
7901
4047
2776
3603
8177
8793
388
7768
3312
5578
1931
9429
3666
534
7458
1530
5812
4970
2625
278
7205
1677
208
8958
7901
1127
5611
5385
7794
7252
1766
5695
1299
894
5651
5828
6039
2391
3596
9352
7969
1880
8781
7988
2414
2592
9518
8226
7562
8495
4856
1119
6524
1416
78
4426
2543
2041
9811
6689
9293
7929
8737
592
8824
4388
2773
1215
6779
2721
567
4748
4601
9349
2736
3367
8293
8606
7945
2207
7101
9153
3327
3626
569
9757
8052
9465
1798
4215
2506
1092
2145
1243
8036
7321
5631
809
8536
8762
9883
9104
3511
836
4805
2599
4204
9450
1206
8501
1657
4659
7655
4984
8285
8224
4741
2689
4041
6540
6905
6548
3984
5402
4143
2020
2723
9775
9182
7611
8537
9065
3067
8400
6253
7872
7352
457
3674
4910
8959
5332
9569
2966
316
4207
7542
1410
6896
1584
4302
3801
4484
8286
5555
8627
306
4630
4754
5840
2242
9644
1257
5309
4396
7511
9534
1748
4320
3208
6658
9631
8540
2580
2597
5209
6787
140
2971
3683
8076
7273
3837
2560
1911
9392
7539
8569
4023
2294
4410
6265
1938
5667
7926
6334
3178
7460
4435
3851
7021
1093
3482
5561
3673
6080
7122
460
2572
6445
496
648
3718
4333
3208
5629
77
7099
4199
4100
9393
4961
6717
7683
628
996
370
159
8456
4805
4010
5477
2250
3844
7391
5924
9924
865
2736
2496
7311
3232
9496
7381
3917
9056
9363
3995
6156
9914
4447
5549
4875
7517
9585
1855
4865
9955
2014
3321
4760
2376
5151
7010
6221
8894
9286
2497
6111
8375
1346
3422
7959
842
7156
1877
9899
6519
2224
6055
6433
3023
7956
1308
6892
7541
9515
1757
7496
1530
1431
8608
3906
2934
5619
6479
1828
1257
8977
4291
9632
323
7714
7592
1165
1222
5821
1064
7741
8045
3471
526
7420
1428
8186
4313
8969
7701
6070
2818
9231
3853
1426
9490
6787
3397
5969
4967
4655
4946
9259
4287
5269
3325
1879
2787
4547
7700
203
2288
2097
3675
2814
9518
1455
1000
183
6776
8701
2605
9594
4285
6459
7373
3775
3246
770
6096
8214
5425
7395
7473
9713
2664
7150
7944
1803
1697
5645
2007
337
4094
2034
3151
3612
3489
503
147
265
5556
2753
6212
9841
9212
3585
9968
2458
4355
2417
7024
9781
9812
849
9494
8828
7999
7438
632
6048
9435
8991
6385
3530
1025
9536
3494
866
6391
3642
1131
8300
6395
7343
4493
1959
7280
4462
769
1636
6879
7794
1417
3043
4995
7263
1871
2995
1053
2503
9043
6841
7846
1781
6723
8871
1317
217
9737
4061
211
7221
2361
2958
916
6854
4917
8197
7668
5687
6185
899
9833
7602
3942
4828
1217
5814
4175
8622
4669
9571
5463
2516
1352
2186
7739
9021
8756
3829
9434
8967
1050
1795
8278
8318
5002
3195
2867
2670
5234
9052
9922
5067
3006
3864
6248
575
9678
423
9198
700
6346
4661
3216
4050
3200
955
3072
1956
4784
2506
923
2186
654
5553
6857
5656
8749
9724
4678
335
5129
4600
1755
4487
4817
8003
5063
847
4778
4261
1547
7477
5274
4763
1527
8474
2071
4599
430
3207
3458
7706
1746
464
3259
8603
6120
8360
4679
7150
5048
6160
8103
6803
648
2920
4806
5711
119
5936
6324
1667
3413
1598
2782
4941
73
1205
5892
6855
4413
5702
4561
6159
6166
4173
1114
8638
8885
5793
5789
3933
1954
244
736
8954
9516
1894
4665
9635
4183
7341
1302
7596
8939
4085
8889
5364
1642
1134
2220
6055
6836
3133
8566
3003
3658
9680
1641
2544
1826
3782
6477
132
378
3566
9086
9894
5460
103
9530
9643
7444
832
3592
2735
1269
8833
8100
2912
6319
6672
5319
3156
9805
3886
2511
3464
9918
504
2360
8096
639
8837
4580
1017
2403
18
912
4216
121
442
211
3917
1274
155
3005
8896
5341
1105
8160
1660
4129
3479
4816
286
3717
3679
102
3636
4184
2462
8084
4823
7652
2665
2192
6407
2683
3104
623
9157
3546
7187
9426
1173
7342
2431
6421
2683
9888
4581
4344
4017
8060
5512
4304
1778
5544
758
1766
9728
3221
9850
903
873
8867
9447
7280
7903
2552
4256
7060
2450
1443
2838
3623
5137
5270
6396
7821
5158
977
8517
5528
9038
381
6184
7168
5925
6942
5286
2005
6515
1488
9260
3740
356
8708
1021
8259
1260
1629
1671
62
9424
4509
3686
4561
9779
82
8734
1290
7412
3603
3170
2802
3985
5706
9970
6262
2648
1608
8268
9164
3096
3880
2904
9804
2588
277
8063
200
8258
6086
263
7682
596
301
8596
6727
6735
7330
4369
4147
7286
3891
6949
7623
9597
3271
3885
2246
1231
8505
7762
4328
2386
7018
4132
1326
3648
8548
1527
8258
986
8142
5941
1582
8443
889
4662
1530
4571
5383
5678
1857
9275
8979
9480
8872
8603
9718
7470
9834
4575
1584
4162
3313
4955
4647
4640
8603
9547
2519
3213
533
661
9154
8468
5456
6395
9482
6986
967
4865
9016
9176
4140
7996
5009
9365
2951
4727
3187
2785
5654
4772
3300
8968
9727
4299
3608
4682
3846
2479
7895
731
3140
3402
5551
8596
9797
1385
1934
7116
6251
951
6293
6743
5299
1302
2460
8250
2381
5648
1035
4387
420
4335
3355
6499
4986
3315
1181
5184
5794
5428
5916
8934
8830
7819
3882
4980
9205
5817
2096
1808
3120
4741
8551
8419
2395
1012
6669
4776
3012
7704
9164
3432
8392
8871
9931
3378
2187
7464
8563
7981
2892
831
3268
1723
5002
7150
3055
559
9319
5151
2367
2439
6245
7271
7210
8640
4635
3879
3417
7647
7936
8933
7431
2680
4156
7362
6058
6343
1178
973
677
4070
8156
3945
2145
9511
7447
5200
70
6767
6704
8790
5558
2949
6061
2769
1589
696
3000
1358
4695
936
6643
2126
3616
800
5840
6027
7143
7018
3352
7820
7440
7861
8117
5938
7372
5565
1138
3794
2332
4194
2584
4242
7143
4997
7011
8733
2045
6364
6443
6740
7300
3087
5218
7269
3887
7410
3296
7382
780
3000
1555
8221
861
9672
4159
4585
5237
1649
4732
3921
5844
3668
8164
2987
8666
1527
8072
7063
7891
868
156
1544
3955
5374
8813
4194
2785
2109
7928
3565
1461
9483
8138
2323
9156
8649
3260
745
299
7992
4667
2495
1661
9183
1834
6679
710
6259
3742
4954
7127
3898
6498
1082
9273
5311
1628
8410
3772
9556
8327
5233
9040
2818
3908
4548
1467
7169
5293
8118
1513
6312
613
9526
5495
8800
6205
2558
5059
9948
7512
2186
3846
362
9620
9471
2025
1248
4233
5797
7156
2561
7382
2548
1731
7643
3448
3198
1164
5094
7669
2677
1406
4634
2204
3254
3434
4761
5812
8493
4709
9676
7031
4908
6390
6651
4379
8415
4251
4965
564
7760
7526
4298
308
9257
1941
3757
8807
3105
8851
6476
2135
6609
7463
691
9863
897
5452
2027
5743
6514
8055
2774
1422
4445
5778
2153
9212
6381
7118
6128
4141
996
427
4450
253
8720
4559
5413
8178
3410
8241
313
6371
5704
7356
6235
2954
2808
4614
8697
9322
2670
7823
7096
3467
3601
9250
9032
9983
6368
5160
4124
7365
1939
4926
3970
660
9485
5735
8838
9247
3977
5503
5619
6033
2859
8206
8987
5667
2820
4036
1342
1842
1860
8438
5310
5461
7688
694
5444
409
5854
5921
7774
7794
7199
8096
4806
3037
3832
3644
2284
7809
9147
4255
194
2006
8813
5534
4025
7986
9570
5367
9828
1430
158
1490
6892
4198
2184
8688
4607
4391
961
2381
8537
8161
6830
3343
1198
662
6987
9834
4823
2486
442
5017
4492
9255
551
4869
7241
122
237
3422
7904
6747
4912
4796
945
3449
9837
5553
4192
7150
4286
2729
5311
1116
6072
2861
1778
9411
9048
2953
1897
9490
7971
2741
5097
4874
7610
8691
1348
7847
8465
9253
946
9729
401
1892
3178
238
3797
7370
7389
8083
6451
9052
9200
2523
8266
7330
8286
7314
284
183
3156
4607
2924
4605
9481
535
3296
830
4734
1761
83
5681
1491
6836
3925
1021
7075
7722
4744
816
2157
1195
6220
7709
71
4486
5040
8357
1800
1676
8541
1308
2635
7817
5914
2116
4704
9210
9298
5791
7324
5733
7824
5167
2570
1749
6188
5997
5823
7284
6813
7980
8480
3033
5690
8551
3872
7082
6908
2024
8758
1801
3333
1393
5971
9247
9861
675
4809
5512
2818
2133
7597
642
3652
167
8743
6193
2516
4566
3477
5681
2547
1957
8715
4589
6860
8939
1671
3769
963
6781
1922
4296
8174
7893
9895
4387
4921
4705
6251
7739
3190
3849
8382
6843
368
7125
3036
2885
8044
6513
8566
591
4823
3633
1532
1683
2572
3203
1804
3536
9984
3727
4184
4510
7972
4080
5249
9245
5137
1501
6985
8327
5350
1719
5170
5718
5196
4558
4955
9592
7424
3522
183
2247
7155
8067
3930
6080
1270
5735
5968
1254
5814
152
2116
138
584
7366
9384
5721
8867
2721
4049
569
4440
5571
2639
5988
130
7595
5581
3906
1117
2116
6153
4624
184
6435
704
7806
2170
3024
9061
4336
3177
7529
4475
113
4895
3859
5835
114
6580
6236
683
7372
1807
9675
9712
8289
7270
5293
2195
4739
3762
4700
9363
298
1136
6420
8104
9658
9444
3517
3995
8973
1047
4822
9087
5942
5033
4922
2409
7965
7510
9444
1689
9317
9119
1401
3959
6389
3047
2506
1128
6809
7207
6844
3459
8343
9616
1563
8001
9060
5081
8348
8034
6128
9522
3473
8422
4555
4747
831
2520
2257
6628
561
7926
5747
1963
1885
8489
1362
4392
9617
8171
1599
2813
7982
6294
2429
9545
647
7842
4626
5348
2228
7106
4870
5701
5529
5778
448
2712
4650
9057
9340
5212
6983
5088
7175
8869
3577
8537
9613
9546
3060
7564
8712
1042
3858
1141
6939
857
5335
1566
6205
7563
8672
7428
3264
553
3206
64
3266
7856
9121
8958
9420
6105
4046
6595
1326
3975
1484
7291
9874
896
4855
8586
8290
5065
6079
5230
5922
1415
3148
8480
8978
8172
5908
8595
8726
5466
8659
8344
3322
4133
7302
2743
238
7701
5690
7916
1676
3527
5207
7902
775
6414
6488
9066
1479
8920
648
3753
335
3796
2233
5665
8320
4493
4260
7046
9959
9272
1742
9634
3405
9045
8729
9995
6746
4419
7911
4774
4298
9470
9029
5074
5884
5517
492
3715
789
1140
7468
1124
1288
9702
3142
5960
4195
7402
3007
4155
3026
1101
3789
6431
6498
2518
6426
9596
3289
689
4371
3940
159
3400
9014
2395
5269
5858
6110
2411
3350
3579
9887
4638
9633
3029
598
3828
6784
9957
4335
9810
7411
4476
6242
3909
3346
9020
3506
2988
9710
4229
6928
6221
3981
2294
8617
5602
8152
1079
8013
